[FLAGS]
u = 150
p = 8
y = 93
GP = ""
d = 3.9
flagsstr = -u20	-U150	-p8	-y85	-Y93	-GP	-d	3.9	-q	


[SEQ]
shot = 5245


[OUT]
fitfun = a*exp(-((x-x0)/b)^2)+c
imaging = PPCI
param = 1.000000e-01
radius = 4.000e+01
sigma = 2.068e+03
contast = 2.057e+00
N = -7.026e+05
Ttherm = 2.897e-10
a = 4.438e+03
x0 = 4.639e+02
b = 5.000e+00
c = 0.000e+00
radial = 5.933e+01
scatt = 3.661e-02
CoM = 2.621e+02
Width = 1.581e+02
Median = 5.000e-01
MedWidth = 0.000e+00
param_err = 0
radius_err = 3.711e+02
sigma_err = 0
contast_err = 0
N_err = 1.615e+04
Ttherm_err = 1.000e-03
a_err = 4.438e+02
x0_err = 4.639e+01
b_err = 1.000e-03
c_err = 0
radial_err = 0
scatt_err = 3.548e+01


[CROPWIN]
x0 = 0
x1 = 511
y0 = 85
y1 = 93


[NORM]
Normalization = 0.904571
