[SEQ]
shot = 5299


[OUT]
fitfun = a*exp(-((x-x0)/b)^2)+c
imaging = PPCI
param = 0.000000e+00
radius = 3.486e+02
sigma = 2.529e+03
contast = 2.422e-01
N = 1.299e+06
Ttherm = 2.200e-08
a = 1.495e+04
x0 = 2.552e+02
b = 4.357e+01
c = 0.000e+00
radial = 1.629e+01
scatt = 9.735e+00
CoM = 2.608e+02
Width = 7.107e+01
Median = 2.565e+02
MedWidth = 3.700e+01
param_err = 0
radius_err = 4.690e+00
sigma_err = 0
contast_err = 0
N_err = 3.278e+04
Ttherm_err = 1.000e-03
a_err = 2.945e-01
x0_err = 3.922e-01
b_err = 1.000e-03
c_err = 0
radial_err = 0
scatt_err = 2.019e+01


[CROPWIN]
x0 = 0
x1 = 511
y0 = 65
y1 = 110


[NORM]
Normalization = 0.912798


[FLAGS]
flagsstr = -p8	-GP	-d3.9	-u40	-U150	-y65	-Y110	-o	
